Coursework One Results by mlo08

The prior probability of node 0
 0.159  0.295  0.205  0.341 

 0.571  0.231  0.000  0.000 
 0.286  0.231  0.000  0.000 
 0.143  0.000  0.000  0.000 
 0.000  0.308  0.222  0.000 
 0.000  0.154  0.778  0.000 
 0.000  0.077  0.000  0.333 
 0.000  0.000  0.000  0.333 
 0.000  0.000  0.000  0.333 


 0.091  0.068  0.000  0.000 
 0.045  0.068  0.000  0.000 
 0.023  0.000  0.000  0.000 
 0.000  0.091  0.045  0.000 
 0.000  0.045  0.159  0.000 
 0.000  0.023  0.000  0.114 
 0.000  0.000  0.000  0.114 
 0.000  0.000  0.000  0.114 


 0.571  0.231  0.000  0.000 
 0.286  0.231  0.000  0.000 
 0.143  0.000  0.000  0.000 
 0.000  0.308  0.222  0.000 
 0.000  0.154  0.778  0.000 
 0.000  0.077  0.000  0.333 
 0.000  0.000  0.000  0.333 
 0.000  0.000  0.000  0.333 


   nan    nan    nan    nan 

   nan    nan    nan    nan 

